10
5 3 3
1 3 3 5 3
4 1 2
5 6 7 8
4 0 100
10 20 30 40
5 3 8
3 8 2 9 5
5 3 8
1 5 3 8 10
1 5 10
7
1 5 10
4
6 -5 0
-10 -5 -1 0 1 5
4 2 6
2 6 1 7
1000 -5 0
51 -11 48 -73 -100 -21 34 96 46 -15 -26 -59 -11 -58 92 -63 -75 68 1 -11 -57 10 57 -2 17 27 73 -42 81 -54 56 -21 34 -36 -85 -17 59 -71 -9 85 95 72 -53 88 0 36 29 45 94 61 60 25 58 31 -4 51 -27 33 78 -69 45 7 -9 -26 80 -33 44 -68 -72 41 23 100 0 -9 48 96 -97 40 -52 -48 -86 56 -53 -19 94 85 8 15 99 49 29 -58 68 -92 -81 78 62 -81 -9 46 -22 -32 68 -39 66 -7 5 -23 -79 -72 -73 25 -58 11 59 -13 -78 -38 94 -89 -27 -45 -40 92 -70 -7 -53 79 32 -46 58 -31 -29 -70 24 75 35 36 20 95 -98 53 -58 77 -64 94 -47 47 77 -88 65 91 12 -18 92 -40 69 98 -11 -11 -8 -97 -52 -17 64 -1 -14 65 -73 -41 -38 -33 -79 -29 -84 99 69 -46 -91 75 -92 43 -78 -11 89 -77 74 -20 94 73 13 13 20 67 22 -56 21 -100 -94 61 -66 -23 15 86 -55 -53 45 -37 -82 79 -93 -8 -47 -4 53 74 -92 84 6 -77 39 15 88 94 90 15 30 -81 100 -3 -86 88 57 -10 57 54 83 47 73 18 99 36 44 64 -76 87 -53 78 -97 -74 34 38 46 65 -84 72 -94 22 25 8 29 -36 -29 42 18 -19 -76 26 31 -55 69 70 76 36 -33 79 -47 -4 -9 -25 -15 -94 -14 -47 20 -35 50 4 1 17 7 34 -18 -18 -81 56 -97 -37 -84 -23 99 85 8 -3 22 21 -35 78 11 89 -9 60 51 95 -14 50 -90 -81 22 -97 96 20 -4 21 -67 14 -53 -30 -17 9 -52 -74 39 -36 -54 -29 -42 2 81 54 44 -87 95 45 -60 33 -89 3 -69 -92 19 -87 -90 -20 18 20 -85 -23 -56 -15 -55 -54 84 95 -100 41 16 82 13 -26 -46 65 -17 36 46 36 -36 -8 91 17 -58 -3 11 21 -12 -20 54 44 90 -46 94 -10 -25 84 75 -76 23 -14 18 60 -1 51 -58 -53 -67 -13 -67 0 -20 -70 -75 83 -2 -54 41 -1 3 -28 7 -52 79 57 -86 66 76 -68 -15 31 100 -48 -73 92 50 81 31 -80 73 -27 -6 33 -69 -79 -80 -18 57 54 -89 50 -51 -47 24 -52 -74 60 -58 29 16 63 -100 71 50 -2 93 40 -59 -58 28 38 62 -29 -80 43 -44 -51 -67 -50 -26 -95 -51 13 18 -48 11 -40 -52 -15 57 46 1 56 60 -29 -99 -82 38 9 60 31 80 33 98 98 -94 26 74 -88 -78 36 -71 35 -11 -98 -71 1 72 -13 -62 -61 31 -24 75 76 74 46 26 32 96 -63 -59 -22 -41 89 57 -45 90 86 -84 68 28 -22 -67 -7 22 79 -57 89 -48 0 96 -3 -61 6 10 -32 -40 45 -49 -85 -6 28 -97 36 -44 12 14 69 28 76 96 37 58 -65 -42 -95 1 -38 -70 -66 -13 -59 74 -32 -21 84 -77 -33 37 90 -51 38 81 48 -56 63 -43 -68 99 49 80 45 66 -34 -44 69 -87 5 66 -44 -46 96 99 79 13 36 -28 2 -27 53 31 -80 11 68 66 -80 7 -33 -95 82 59 0 -44 -52 54 92 -14 4 -30 29 23 53 15 54 73 -26 -42 38 19 -13 9 -17 36 -52 -28 -34 41 -11 -64 -49 20 47 -3 -77 -28 -33 -60 -29 -4 -1 -62 -59 31 9 -25 -86 42 -40 -11 -15 99 -78 -72 -24 -73 83 -1 -53 73 -84 57 18 51 -57 -63 10 77 4 17 -8 -67 67 -42 -15 11 -66 -91 -83 97 89 -17 -25 -22 47 -32 -25 100 -14 89 65 -56 -35 76 -18 -44 -8 -66 -58 14 4 6 78 -62 1 -55 -56 -19 -28 32 -56 4 18 28 -7 -29 -100 1 -51 1 -96 -11 -81 39 -65 94 85 -73 8 34 -52 -52 -21 -68 62 -92 -34 -25 56 96 15 59 -26 -78 100 88 14 -51 12 8 -69 72 57 39 -96 18 74 34 53 66 35 53 -27 -72 -99 -63 43 -13 49 28 -18 25 91 -69 98 -12 -52 29 44 -92 77 -49 53 -61 -28 -20 -70 65 42 79 -57 -30 47 -43 -68 -91 90 52 21 24 -6 -24 -5 67 -51 12 94 -78 -82 -66 -59 91 -30 -94 -77 10 60 -51 62 80 -22 56 73 -38 -8 66 -64 5 -45 -1 5 -25 -15 -15 -19 52 38 100 2 63 -15 -3 23 -60 -63 -90 -92 64 43 49 97 72 1 -95 97 11 -26 97 -79 -84 25 -47 57 -67 42 -91 30 64 10 -86 -58 -49 27 -74 -71 -88 34 -64 51 -5 -15 85 -48 -98 -36 90 32 40 -84 -79 -44 37 -37 -36 -38 -57 71 25 67 -28 -3 -23 99 -1 63 6 5 20 99 -43 -6 -64 -71 27 -6 6 -16 -100 58 -64 24 97 2 -65 -70 35 -11 -100 43 85 -37 -7 -36 -78 -22 23 60 -19 21 20 97 92 -54 -97 17 -83 32 12 -23 -35 70 1 2 -50 -42 -34 -71 -61 18 -13 17 27 39 26 23 -86 -93 -41 -11 -100 -10 55 62
