10
1
5
0 0
3
1 2 3
4 5 6
7 8 9
0 0
3
1 2 3
4 5 6
7 8 9
1 1
3
1 2 3
4 5 6
7 8 9
2 2
3
1 2 3
4 5 6
7 8 9
0 1
2
1 2
3 4
0 0
3
-1 -2 -3
-4 -5 -6
-7 -8 -9
1 1
3
1 2 3
4 5 6
7 8 9
2 1
3
1 2 3
4 5 6
7 8 9
1 2
20
-29 -42 17 15 40 -86 -75 -42 28 27 -24 44 32 -80 -40 15 29 -30 9 70
-58 -22 86 40 32 -19 -84 33 -56 60 97 -98 86 -14 59 -49 -65 53 85 -54
3 69 70 14 -64 8 -8 -61 -53 -90 76 -94 1 -1 62 23 -69 -32 76 -45
100 16 34 47 66 -71 70 -88 -32 19 -10 50 95 72 23 -93 100 -85 7 -81
22 -22 99 93 -52 -8 1 -42 56 -35 26 -96 71 26 31 6 -21 48 -49 38
48 78 66 54 -72 -14 -72 -78 48 -37 -91 -33 96 -12 47 -64 -10 -58 -32 56
-61 -33 85 9 19 31 14 27 -42 -76 90 -35 80 79 11 73 -83 -85 -81 -90
-49 90 -67 27 14 81 -74 -76 -55 64 -98 59 1 -61 95 -70 -62 -59 -71 77
-60 -69 20 -1 70 59 -57 -16 -95 72 -36 -42 -65 -86 -81 -19 71 -86 -64 7
-47 74 65 99 37 -95 76 84 66 -42 -30 -43 -32 -35 -33 87 -87 78 -20 83
72 -44 -42 94 27 60 -82 71 100 -86 -66 50 -8 66 -38 -3 67 -70 -73 -65
-75 30 78 64 -33 65 47 48 85 45 66 53 47 34 31 -59 57 -76 -14 18
20 -95 -87 -18 28 64 -96 -97 63 -11 90 31 38 60 51 55 -19 -89 -24 55
-100 73 -96 -58 90 -39 -49 -13 50 87 32 83 -12 -77 84 46 47 92 -73 80
79 17 90 94 80 -87 -95 7 -85 -38 94 31 -24 80 -22 -91 -12 72 1 80
-91 -86 -12 -2 89 -30 -4 -57 -84 -54 75 -49 46 -80 95 -32 44 10 -94 42
39 73 65 80 97 -23 -27 59 54 -16 92 56 10 64 -17 11 32 -24 7 -1
71 67 87 31 77 -89 50 -46 83 -20 91 -80 10 -29 -83 49 -82 -66 -94 -93
80 72 -31 -35 65 49 38 44 8 24 83 74 100 -31 49 35 -35 -69 91 -28
-8 -56 -32 76 -11 100 -71 -75 38 0 55 -79 -29 62 36 68 -30 -51 54 -45
10 7
