10
1
5
2
1 2
4
1 2 3 4
5
1 2 3 4 5
3
10 20 30
4
-1 -2 -3 -4
3
7 7 7
6
1 2 3 10 20 30
2
0 0
999
462 -66 913 472 426 505 675 -560 411 -841 868 234 513 -751 340 -218 -56 822 -308 786 382 -757 1 -832 -730 -545 194 695 992 -950 -910 -539 969 -781 416 -739 243 71 -399 -625 527 -162 763 501 189 480 377 -151 -536 610 346 172 579 693 264 -491 -824 -245 -586 188 -553 937 419 266 44 -28 690 -487 458 -424 857 -559 551 81 815 645 832 -59 82 -605 450 72 -393 -916 -14 705 -702 -732 -140 50 -483 883 -796 -15 883 -288 -802 721 664 347 432 681 -816 -374 -7 367 -746 869 153 569 580 -805 451 -215 -403 -960 126 -23 222 271 -193 -219 677 493 -91 -464 534 820 -868 -639 -89 594 -909 -335 324 -395 787 -980 113 -510 157 -514 274 -552 -531 913 -209 -685 184 -828 323 372 -222 -943 -23 -70 -323 -818 135 -703 384 -928 -329 -438 402 327 738 -525 98 -806 -67 -367 -188 883 -630 -628 -452 -256 84 672 222 -934 432 258 307 784 354 933 349 397 -3 -293 -727 -320 325 292 532 -864 730 -943 273 805 -214 283 503 -667 -160 -122 688 -408 579 780 662 -414 222 483 879 523 106 -348 -152 -484 -454 67 -931 -182 656 216 -76 -328 635 627 628 -140 -711 -722 -62 586 -91 833 395 158 119 352 785 554 912 210 -982 -756 -2 884 -962 701 -317 -690 -505 228 -56 449 387 -229 763 -760 -466 387 -976 328 221 601 407 127 111 -770 259 -893 -719 913 -703 84 -282 761 640 604 -902 538 804 649 151 -482 419 -496 -482 -112 572 -815 626 -399 551 -222 186 591 -24 -391 -603 -158 365 901 338 183 53 -44 488 209 -526 932 -321 -781 -272 -412 375 255 412 52 -418 -827 906 -38 -57 -181 567 453 -893 350 -429 -5 -954 -725 620 -637 68 581 951 -793 242 -509 -335 -405 -270 357 -232 -327 -595 -745 -780 -863 330 986 -358 563 -71 693 452 894 -439 -699 -100 798 -338 801 -337 465 364 -438 -799 149 -182 780 -776 -386 372 -390 -679 976 501 -12 -315 355 523 72 -344 678 -89 435 128 312 -446 -935 437 -710 4 537 -671 -157 -970 998 -451 301 826 686 602 526 881 972 309 347 -281 920 967 -129 -791 -453 -277 -775 475 -483 414 831 127 347 -912 379 -943 716 -57 115 -606 -261 -419 -960 -319 -465 -782 795 -246 485 -986 676 263 -448 -283 367 -682 -596 -66 -383 -160 958 -566 -563 441 -401 194 -555 553 778 407 502 210 661 742 648 -51 -333 875 -828 591 -654 -387 -108 -517 -309 100 -621 -87 374 617 586 335 792 520 -366 235 619 -460 541 523 430 304 -651 456 -432 -522 236 -759 281 -83 262 215 602 489 600 -30 171 113 -346 -819 -553 -902 442 -751 -955 -348 96 -502 -183 -708 468 -307 -635 -311 687 765 915 895 869 510 -82 -977 -729 -513 -835 490 425 487 756 -205 -591 758 -508 -788 -799 447 74 -133 -251 271 -36 230 -717 272 -948 752 -210 -895 897 -228 336 311 170 193 -871 -73 -113 338 -245 -743 291 -1 -175 -627 641 -96 -438 -518 492 438 -991 -384 -701 417 632 -770 747 161 -379 652 -594 973 968 417 212 -964 -817 623 404 159 21 -387 -953 36 92 -244 -903 182 505 -153 214 -231 600 498 372 -375 -957 700 -314 529 61 932 -453 -685 735 763 -222 460 3 -627 964 866 74 28 220 -636 -812 -571 534 -171 643 -730 -522 -291 827 -53 -923 -63 426 -885 296 -409 780 -304 859 -745 498 348 727 -686 -51 424 911 423 -120 781 490 582 537 408 -173 394 679 960 471 -114 -674 -905 202 791 -6 372 220 -352 -941 192 435 860 -187 844 509 983 -507 -317 -958 243 -47 244 308 877 594 -217 107 800 803 700 -665 473 -747 -791 -174 416 346 862 567 -234 -867 799 225 432 -284 681 81 265 -799 -230 -670 930 304 884 -303 668 999 283 37 442 -285 736 -617 926 77 -638 46 -903 -476 219 984 -212 41 736 582 -54 401 808 704 -910 -789 -464 971 -632 224 996 -663 -872 217 -943 -883 100 -135 187 -800 -240 -901 301 -78 -698 718 910 553 -482 915 -753 595 -237 265 -353 232 -357 963 -903 -735 96 65 1000 115 967 -971 -571 792 973 392 936 -305 -79 627 -689 -24 355 487 420 125 -753 761 112 34 674 -816 -437 562 19 -528 -105 171 751 911 -282 482 -59 -859 618 717 -113 978 -591 -49 709 -479 574 -51 510 88 -143 -905 -168 734 -45 316 24 -181 939 668 481 -646 -688 822 -687 759 -239 -28 634 -770 825 -82 -198 -784 795 122 -564 -709 105 65 -259 -162 289 -339 -134 193 -847 94 -711 806 789 -86 -260 176 -857 489 742 -665 55 100 822 -631 831 14 16 42 300 855 -546 970 -754 -376 694 748 533 -238 364 -488 316 221 -169 -381 78 937 180 845 -937 -935 565 -328 819 552 -718 407 351 54 142 -17 -676 -733 444 31 -980 -647 -294 647 38 -679 643 -442 -167 367 -412 60 -39 -440 104 654 -181 -553 -803 330 719 485 -579 -704 -618 799 -555 -787 975 -408 -842 -132 276 620 171 -534 -65 604 -722 -635 175 -767 -370 -945 -174 354 -99 -893 571 260 -519 344 -455 -790 483 982 206 -721 82
