3
101 101 111 001 111
101 101 111 101 111
101 101 001 001 001
101 100 111 101 111
101 100 111 001 111
101 101 111 001 001
101 001 111 001 111
101 001 111 100 111
000 110 010 010 111
101 101 101 101 111
011 101 110 001 101
011 101 110 001 101
011 101 000 001 001
011 100 110 001 101
011 100 110 001 101
001 101 110 001 001
011 001 110 001 101
011 001 110 000 101
010 100 010 010 101
011 101 100 001 101
111 101 111 001 111
111 101 111 101 111
111 101 001 001 001
111 100 111 101 111
111 100 111 001 111
101 101 111 001 001
111 001 111 001 111
111 001 111 100 111
010 110 010 010 111
111 101 101 101 111