#1 10
#2 3 3
#3 5 5 5 5
#4 6 6 6 6 6
#5 40 40 40
#6 -5 -5 -5 -5
#7 14 14 14
#8 31 22 13 13 22 31
#9 0 0
#10 544 -787 1119 1454 909 -285 220 -216 -108 -581 1439 -659 414 -397 166 -1163 -426 55 -133 151 -340 -153 -64 -1366 -559 75 470 563 150 -1358 65 -1326 414 18 -202 -1443 -336 556 320 -295 -276 -715 582 1155 293 40 338 -91 -948 977 179 -270 1222 14 302 156 -1118 -892 -1566 219 -109 204 -257 249 186 26 1041 -80 -260 128 1676 -887 1116 -854 -122 1490 1012 878 160 -986 281 293 -77 -1404 350 467 -169 16 554 -326 -1237 1853 -1342 840 1183 -246 -786 735 1495 -284 1254 781 -761 -1039 735 856 -1603 1045 -107 483 1369 1 -260 -121 -1250 -767 -8 -362 511 109 -452 -154 782 -216 -655 -342 1329 36 -1066 -721 736 -176 -275 -363 85 364 100 -158 -575 -1156 638 154 1213 -733 -507 1229 -254 49 16 -1733 180 460 288 -994 551 -549 386 -867 -456 275 271 -211 289 -1297 343 809 456 386 849 -635 -172 -895 -169 1445 -1067 -1444 222 -222 196 1433 -531 -809 852 745 662 760 -335 1560 270 92 933 99 246 472 -246 -679 1499 -749 1730 -878 369 70 -1117 1246 146 -435 -513 143 451 187 -174 1695 180 139 1132 1201 181 445 407 -1249 -392 -1284 -267 -68 -831 -1065 -287 433 -948 -991 1631 851 -4 831 -1175 -1511 -972 1290 717 1234 341 740 855 393 573 1538 1131 -266 -1885 -710 -640 961 -36 84 419 -975 -63 265 227 1448 1055 -532 1647 -456 464 -283 -1206 -471 486 682 1088 -157 543 -545 1058 -1760 -953 1480 159 430 134 587 -151 -143 -429 -127 1504 1452 951 -375 202 98 395 196 816 -862 869 -1357 234 -729 1169 1100 820 -578 257 277 557 -40 -14 403 425 -50 1279 411 -1431 258 -435 -310 688 267 769 82 820 589 164 -337 1687 -158 366 730 991 402 -1579 1077 -81 493 -1699 134 316 143 -341 877 66 -367 179 -1432 -388 422 -561 -165 -962 316 -766 -211 -1351 -1675 -306 1206 -330 637 795 1657 -175 897 21 -921 663 1533 -1023 348 595 526 893 -752 -99 -808 -557 1152 -278 214 141 -176 -832 1481 683 -915 -559 447 559 -881 -731 699 70 839 751 -505 -1410 -723 854 258 977 -57 -19 -536 -809 1745 -1221 933 1243 -15 218 -465 1319 1464 -209 -91 -377 1561 340 -304 -792 -162 -1020 -1020 813 -596 341 -40 320 517 -601 715 -1171 1613 -952 -95 146 -1209 -147 -1677 -89 -501 -511 544 -379 559 -539 -123 -525 -956 475 -224 -887 160 421 42 330 123 -1079 -1292 -536 -483 704 314 1448 1693 1172 1189 -101 26 435 1116 -759 -516 373 -732 243 -1609 -1138 334 -1419 -862 -719 -967 26 545 587 1186 824 1394 735 -104 152 900 -1219 777 1 -2 760 -1302 760 -2 1 777 -1219 900 152 -104 735 1394 824 1186 587 545 26 -967 -719 -862 -1419 334 -1138 -1609 243 -732 373 -516 -759 1116 435 26 -101 1189 1172 1693 1448 314 704 -483 -536 -1292 -1079 123 330 42 421 160 -887 -224 475 -956 -525 -123 -539 559 -379 544 -511 -501 -89 -1677 -147 -1209 146 -95 -952 1613 -1171 715 -601 517 320 -40 341 -596 813 -1020 -1020 -162 -792 -304 340 1561 -377 -91 -209 1464 1319 -465 218 -15 1243 933 -1221 1745 -809 -536 -19 -57 977 258 854 -723 -1410 -505 751 839 70 699 -731 -881 559 447 -559 -915 683 1481 -832 -176 141 214 -278 1152 -557 -808 -99 -752 893 526 595 348 -1023 1533 663 -921 21 897 -175 1657 795 637 -330 1206 -306 -1675 -1351 -211 -766 316 -962 -165 -561 422 -388 -1432 179 -367 66 877 -341 143 316 134 -1699 493 -81 1077 -1579 402 991 730 366 -158 1687 -337 164 589 820 82 769 267 688 -310 -435 258 -1431 411 1279 -50 425 403 -14 -40 557 277 257 -578 820 1100 1169 -729 234 -1357 869 -862 816 196 395 98 202 -375 951 1452 1504 -127 -429 -143 -151 587 134 430 159 1480 -953 -1760 1058 -545 543 -157 1088 682 486 -471 -1206 -283 464 -456 1647 -532 1055 1448 227 265 -63 -975 419 84 -36 961 -640 -710 -1885 -266 1131 1538 573 393 855 740 341 1234 717 1290 -972 -1511 -1175 831 -4 851 1631 -991 -948 433 -287 -1065 -831 -68 -267 -1284 -392 -1249 407 445 181 1201 1132 139 180 1695 -174 187 451 143 -513 -435 146 1246 -1117 70 369 -878 1730 -749 1499 -679 -246 472 246 99 933 92 270 1560 -335 760 662 745 852 -809 -531 1433 196 -222 222 -1444 -1067 1445 -169 -895 -172 -635 849 386 456 809 343 -1297 289 -211 271 275 -456 -867 386 -549 551 -994 288 460 180 -1733 16 49 -254 1229 -507 -733 1213 154 638 -1156 -575 -158 100 364 85 -363 -275 -176 736 -721 -1066 36 1329 -342 -655 -216 782 -154 -452 109 511 -362 -8 -767 -1250 -121 -260 1 1369 483 -107 1045 -1603 856 735 -1039 -761 781 1254 -284 1495 735 -786 -246 1183 840 -1342 1853 -1237 -326 554 16 -169 467 350 -1404 -77 293 281 -986 160 878 1012 1490 -122 -854 1116 -887 1676 128 -260 -80 1041 26 186 249 -257 204 -109 219 -1566 -892 -1118 156 302 14 1222 -270 179 977 -948 -91 338 40 293 1155 582 -715 -276 -295 320 556 -336 -1443 -202 18 414 -1326 65 -1358 150 563 470 75 -559 -1366 -64 -153 -340 151 -133 55 -426 -1163 166 -397 414 -659 1439 -581 -108 -216 220 -285 909 1454 1119 -787 544
