#1 7
#2 2 1
#3 5 4 3 2 1
#4 9 9 9 9
#5 -5 -4 -3 -2 -1
#6 0 20 -15 10 -5 0
#7 0 -1000000 1000000
#8 100 90 80 70 60 50 40 30 20 10
#9 5 5
#10 -285 -625 441 478 916 708 -917 -431 752 456 521 262 313 407 -592 539 -824 -678 860 962 394 780 -313 -419 764 -672 821 -845 -52 734 964 866 670 -221 534 -613 -423 213 76 867 -671 621 66 -826 -775 -674 0 -539 -959 -685 -593 -143 -849 487 581 -39 120 -372 -470 -779 178 -858 -150 488 -313 944 465 -207 -217 833 688 -180 -800 553 -299 -58 -832 -184 187 295 -412 -988 82 -931 439 -507 -548 501 -963 -291 -689 -441 103 -370 -834 -367 794 396 995 -848 -651 601 -323 559 -519 -600 690 -241 -369 -952 -875 -111 -537 827 601 60 41 375 -149 -702 529 -310 165 -236 -422 219 -359 371 -151 251 -625 912 -943 262 417 -270 -705 455 811 -790 190 772 603 -452 -416 54 57 -724 970 853 -586 98 727 -644 -555 635 -438 -544 -386 -227 -41 675 622 -833 -881 -859 981 -330 170 -289 -251 -852 640 -920 -2 -288 307 424 -921 876 436 -274 -103 368 -140 -859 -344 -97 800 -367 -517 368 301 824 553 -48 15 -975 -647 -258 657 -527 -692 432 -9 82 426 707 755 313 779 629 -589 32 468 -253 -210 -891 865 -647 -1000 602 -370 684 376 763 138 832 615 -581 -638 406 -833 259 -275 260 453 889 -876 -169 530 220 26 -738 265 -641 -380 -977 597 795 -189 787 643 394 844 -151 -836 -786 -744 -571 183 894 10 -88 -567 -487 -631 789 597 817 687 -108 80 -779 -227 -978 461 -702 876 352 -677 619 997 -136 921 57 -415 960 -398 -383 174 -538 -347 -213 424 748 814 924 -283 -316 189 896 582 -700 -344 -594 766 306 -497 -162 864 768 474 -674 297 816 914 -529 -454 -684 -924 -341 -986 -991 369 -634 -487 166 -848 815 650 -266 -650 -879 623 -15 -131 22 -676 -620 -713 -624 -376 987 23 -13 -699 241 -756 -25 692 -616 145 -896 -713 -605 -822 412 497 153 131 -496 386 799 191 161 83 -412 478 151 -742 83 -676 466 679 -478 -652 -974 -789 196 709 517 -233 -889 422 866 -646 562 -143 515 -146 961 568 44 103 462 746 547 774 -522 606 136 -844 560 -663 -218 700 -292 668 -443 -71 386 813 -875 108 -801 -14 559 272 -793 -205 -869 521 -94 577 -721 583 -504 -18 932 -253 -721 -409 276 -237 281 -65 -415 3 426 540 -979 449 460 -781 86 -890 -905 76 759 798 -139 -527 883 -392 -1 359 57 -664 552 -718 -187 748 -418 220 401 -561 491 682 988 -245 -448 -103 488 526 628 353 408 -139 -619 503 877 -787 710 -199 1 -744 -222 -995 -526 -884 -276 -911 -213 938 745 -909 987 749 -13 -240 -957 354 -639 -813 -382 375 -72 -887 740 -460 912 263 -62 921 845 622 587 -244 263 397 942 318 480 356 683 213 -479 -737 -232 827 548 -932 -460 76 -362 -542 -922 592 -326 -610 859 548 -945 551 -440 810 -604 895 -3 -101 14 -664 225 -691 -165 -590 -502 -39 -506 838 -203 -376 -509 -934 427 -319 297 916 450 546 451 882 797 747 631 -690 -224 143 343 -205 695 481 -661 -519 -410 -392 -803 -874 86 401 -410 -762 -878 433 -726 543 -175 -437 -814 233 255 788 459 168 252 -82 -917 -774 -776 -737 858 -15 351 181 -738 851 41 906 846 -319 -975 914 80 213 -785 -536 802 46 399 881 627 464 928 57 835 -613 -923 -720 -81 -607 843 514 361 602 202 876 495 -648 -677 333 -607 502 -525 -804 88 630 319 -557 -269 -512 -987 -457 -778 -146 997 461 -39 -700 -852 495 65 -306 -79 634 279 1000 -824 415 -752 307 237 -456 781 417 -928 -874 302 756 649 530 -2 -707 954 262 577 -439 366 -75 899 -157 -973 -881 720 888 266 996 -48 842 583 -932 947 -582 454 132 -450 -895 365 -102 -102 799 515 -299 184 -899 -497 -918 538 -392 995 -69 -584 -109 806 -508 -477 504 -384 384 -386 -349 138 117 -62 -739 -573 126 282 357 50 -254 685 407 374 385 -586 362 761 -84 -952 -243 -752 -299 -702 -754 361 -697 -558 -865 57 -549 525 -889 307 -180 -175 831 -254 390 -293 -410 -727 918 -963 -316 -355 96 214 131 -600 352 -35 -441 619 -512 -311 647 -909 166 343 -61 255 754 -191 296 -972 -976 -640 817 337 -426 -805 -500 -347 964 845 638 73 -771 -130 -582 -46 -488 -685 919 -427 -815 -330 688 390 -430 -606 -883 -52 -283 411 127 123 -878 -862 -232 -309 -362 811 -693 960 -834 -715 983 821 997 -86 120 827 910 511 -589 623 893 -634 404 -713 305 622 -57 657 239 586 249 445 384 -757 673 717 -95 793 437 937 94 -292 178 -935 -865 -828 953 -988 787 399 86 415 -629 781 778 -363 45 793 728 20 -660 -27 165 336 835 -258 695 491 402 -172 -692 563 -866 -432 -630 -116 -930 -686 678 155 -464 -981 -264 443 -241 -956 629 -293 -807 95 -557 -50 785 -987 -144 369 524 -172 -843 -134 -531 -224 602 -192 -453 807 758 361 -328 392 279 686 335 -774 -567 -377 -43 -120 -872 -574 -136 -173 620 305 -511 -333 610 -34 -608 -250 100 576 -89 -819 -671 -605 -478 -856 -104 988 -327 -566 603 418 -6 -410 879 -546 232 -561 31 358 -901 -44 -266 892 104 976 860 -602 734 190
