10
1
42
2
10 20
5
10 20 30 40 50
4
7 7 7 7
5
-1 -2 -3 -4 -5
6
1 2 3 4 5 6
3
0 0 0
7
1 1 1 1 1 1 1
3
1000000 1 1000000
1000
-697 385 261 -267 -653 135 459 353 244 -627 -213 -401 264 -122 159 190 -912 483 85 112 269 528 64 812 801 -621 505 619 -228 -96 -536 44 -738 -827 659 -892 412 -624 247 178 -96 839 26 715 -546 462 86 76 -703 5 272 -157 290 -20 372 -860 -496 251 -812 696 -319 -227 408 -602 44 -125 531 234 -118 720 -185 -727 858 648 -658 -256 -576 -853 205 -515 293 -397 -114 -739 142 259 -98 975 369 571 820 -453 689 -353 309 520 -38 308 940 98 -85 787 281 778 47 399 -576 -200 -500 521 -581 229 202 873 111 276 -668 92 714 994 -243 80 -901 -185 -756 920 -30 933 791 -648 -371 -852 594 757 71 807 868 -213 487 -479 -150 401 817 925 -648 -564 -356 -83 -609 357 -679 -548 56 -151 -719 -708 228 -18 89 -530 -980 -835 -506 -204 -436 -693 -763 -757 589 -692 -992 -145 -440 -350 -454 491 -89 -152 521 -502 -120 -615 404 -392 706 522 392 -588 -955 -48 -616 652 601 699 624 -54 170 725 -576 315 515 -536 -470 -810 927 -652 831 618 463 -202 371 715 565 981 895 882 395 -40 -715 -985 -479 -435 -168 -552 -622 329 -126 437 932 887 -517 444 -675 965 -851 306 -750 -28 -770 713 -679 -439 412 594 -666 489 -617 775 614 -877 423 -614 370 945 884 -710 -722 -76 453 232 -175 -13 517 800 -848 956 559 -301 112 -725 -41 872 614 -72 395 -491 624 -717 463 -982 -466 193 -425 843 139 -691 893 -9 952 -599 -864 -816 552 143 545 -586 963 -89 -937 -474 37 -16 139 186 225 -668 -36 -481 -442 -797 848 421 798 536 436 -623 964 -469 133 853 -838 619 421 424 -786 -751 537 667 328 346 -577 883 -688 591 -862 437 -638 776 -187 -534 307 810 -137 -725 627 -307 537 -33 -438 -267 -466 975 -86 -509 -574 -10 375 -580 -195 -777 -918 414 357 -306 -289 -3 99 418 478 -819 220 -889 576 408 -68 -567 -963 941 -74 -948 -769 706 954 -385 83 488 990 -956 -886 893 -34 977 736 449 -200 -877 -98 -597 -81 496 -223 664 945 992 306 -528 -480 -340 -626 646 -434 523 960 667 408 396 875 873 -596 730 -772 297 -585 -420 321 -826 -767 761 132 757 673 825 714 -458 -407 512 52 905 -606 -577 -836 -952 490 -644 114 -552 -514 392 220 682 -444 676 852 411 -996 -580 991 694 -101 220 887 -178 472 252 -499 231 198 430 -651 488 -182 4 665 48 -980 656 98 -953 -108 836 -421 31 -868 934 71 -514 -317 -141 -801 602 -178 886 391 967 -837 -133 608 516 -830 23 -37 -522 -250 956 755 -970 828 408 509 -793 -398 -977 -336 752 689 10 44 281 300 -920 482 -627 -608 -579 -213 -509 954 -216 -320 92 737 865 -684 29 -972 -832 29 83 -421 677 220 451 576 897 -921 906 22 -220 -235 -135 855 -932 729 979 811 -941 518 -23 -290 563 268 114 896 -247 -445 -407 357 328 -798 835 862 -505 -448 -272 -614 -676 591 -253 -711 -205 922 -809 -218 321 322 -296 -630 652 820 -503 -138 503 -260 848 -654 -411 -242 94 989 706 -174 -54 -327 731 -686 45 698 -984 -333 606 801 882 142 -236 -632 -928 -754 844 896 533 231 772 543 606 940 -597 647 -506 888 561 -985 -145 525 -63 707 -695 68 817 -674 -779 253 118 231 -702 188 -3 595 -240 -23 -964 828 739 219 543 -672 -576 681 374 -655 677 854 -149 898 410 -600 479 -588 426 438 -626 -65 -307 -233 -818 538 71 -314 -18 -733 -640 128 -849 796 529 965 392 -783 -889 527 952 -337 392 988 158 -201 -380 -790 231 -323 693 55 255 -641 -505 576 316 -326 305 519 -387 -525 -42 5 -349 350 -718 -577 354 -408 265 719 -811 -193 -180 -287 -300 265 316 415 -407 769 752 157 -426 749 481 828 23 898 -490 882 64 422 -109 425 -935 -204 572 -783 -946 889 383 -152 -308 1 124 704 548 803 699 -949 -767 259 605 -559 927 627 -546 929 119 171 -645 820 -79 209 196 738 749 -669 -233 569 -747 452 536 -20 920 188 852 861 -53 628 -81 598 -745 -910 744 896 -444 -146 -751 -571 -792 -72 906 874 -149 -78 624 -214 -857 -420 -15 -324 527 -851 580 -558 -611 90 -16 -687 664 -187 871 322 -808 641 203 733 822 -13 269 854 608 -499 -391 166 8 232 -972 443 635 29 153 -180 -630 -517 927 -504 -568 -435 -932 552 483 10 -837 695 348 404 -721 646 -954 -523 508 256 -611 350 196 451 468 -325 -640 78 -132 -173 212 286 774 -437 322 -2 481 678 -423 729 -828 -489 564 -625 -525 -989 30 785 -182 -567 59 184 779 76 -943 347 -777 921 -177 345 10 -648 -825 -118 375 -621 -506 -217 712 516 335 -527 286 624 767 -889 502 -485 -771 437 -355 322 -689 -945 818 -564 -183 517 378 -652 -531 669 -133 753 -759 530 982 653 -915 -500 -852 299 488 503 180 -472 -339 -726 926 -615 431 961 -81 603 457 661 918 758 786 -469 -255 -296 585 -459 -549 -345 -210 -602 274 505 701 -180 -313 113 432 -106 599 448 -940 69 -211 -73 185 -142 741 801 -588 660 -747 -504 -370 -186 -777 844 2
