10
1
7
2
1 2
5
1 2 3 4 5
4
9 9 9 9
5
-1 -2 -3 -4 -5
6
0 -5 10 -15 20 0
3
1000000 -1000000 0
10
10 20 30 40 50 60 70 80 90 100
2
5 5
1000
190 734 -602 860 976 104 892 -266 -44 -901 358 31 -561 232 -546 879 -410 -6 418 603 -566 -327 988 -104 -856 -478 -605 -671 -819 -89 576 100 -250 -608 -34 610 -333 -511 305 620 -173 -136 -574 -872 -120 -43 -377 -567 -774 335 686 279 392 -328 361 758 807 -453 -192 602 -224 -531 -134 -843 -172 524 369 -144 -987 785 -50 -557 95 -807 -293 629 -956 -241 443 -264 -981 -464 155 678 -686 -930 -116 -630 -432 -866 563 -692 -172 402 491 695 -258 835 336 165 -27 -660 20 728 793 45 -363 778 781 -629 415 86 399 787 -988 953 -828 -865 -935 178 -292 94 937 437 793 -95 717 673 -757 384 445 249 586 239 657 -57 622 305 -713 404 -634 893 623 -589 511 910 827 120 -86 997 821 983 -715 -834 960 -693 811 -362 -309 -232 -862 -878 123 127 411 -283 -52 -883 -606 -430 390 688 -330 -815 -427 919 -685 -488 -46 -582 -130 -771 73 638 845 964 -347 -500 -805 -426 337 817 -640 -976 -972 296 -191 754 255 -61 343 166 -909 647 -311 -512 619 -441 -35 352 -600 131 214 96 -355 -316 -963 918 -727 -410 -293 390 -254 831 -175 -180 307 -889 525 -549 57 -865 -558 -697 361 -754 -702 -299 -752 -243 -952 -84 761 362 -586 385 374 407 685 -254 50 357 282 126 -573 -739 -62 117 138 -349 -386 384 -384 504 -477 -508 806 -109 -584 -69 995 -392 538 -918 -497 -899 184 -299 515 799 -102 -102 365 -895 -450 132 454 -582 947 -932 583 842 -48 996 266 888 720 -881 -973 -157 899 -75 366 -439 577 262 954 -707 -2 530 649 756 302 -874 -928 417 781 -456 237 307 -752 415 -824 1000 279 634 -79 -306 65 495 -852 -700 -39 461 997 -146 -778 -457 -987 -512 -269 -557 319 630 88 -804 -525 502 -607 333 -677 -648 495 876 202 602 361 514 843 -607 -81 -720 -923 -613 835 57 928 464 627 881 399 46 802 -536 -785 213 80 914 -975 -319 846 906 41 851 -738 181 351 -15 858 -737 -776 -774 -917 -82 252 168 459 788 255 233 -814 -437 -175 543 -726 433 -878 -762 -410 401 86 -874 -803 -392 -410 -519 -661 481 695 -205 343 143 -224 -690 631 747 797 882 451 546 450 916 297 -319 427 -934 -509 -376 -203 838 -506 -39 -502 -590 -165 -691 225 -664 14 -101 -3 895 -604 810 -440 551 -945 548 859 -610 -326 592 -922 -542 -362 76 -460 -932 548 827 -232 -737 -479 213 683 356 480 318 942 397 263 -244 587 622 845 921 -62 263 912 -460 740 -887 -72 375 -382 -813 -639 354 -957 -240 -13 749 987 -909 745 938 -213 -911 -276 -884 -526 -995 -222 -744 1 -199 710 -787 877 503 -619 -139 408 353 628 526 488 -103 -448 -245 988 682 491 -561 401 220 -418 748 -187 -718 552 -664 57 359 -1 -392 883 -527 -139 798 759 76 -905 -890 86 -781 460 449 -979 540 426 3 -415 -65 281 -237 276 -409 -721 -253 932 -18 -504 583 -721 577 -94 521 -869 -205 -793 272 559 -14 -801 108 -875 813 386 -71 -443 668 -292 700 -218 -663 560 -844 136 606 -522 774 547 746 462 103 44 568 961 -146 515 -143 562 -646 866 422 -889 -233 517 709 196 -789 -974 -652 -478 679 466 -676 83 -742 151 478 -412 83 161 191 799 386 -496 131 153 497 412 -822 -605 -713 -896 145 -616 692 -25 -756 241 -699 -13 23 987 -376 -624 -713 -620 -676 22 -131 -15 623 -879 -650 -266 650 815 -848 166 -487 -634 369 -991 -986 -341 -924 -684 -454 -529 914 816 297 -674 474 768 864 -162 -497 306 766 -594 -344 -700 582 896 189 -316 -283 924 814 748 424 -213 -347 -538 174 -383 -398 960 -415 57 921 -136 997 619 -677 352 876 -702 461 -978 -227 -779 80 -108 687 817 597 789 -631 -487 -567 -88 10 894 183 -571 -744 -786 -836 -151 844 394 643 787 -189 795 597 -977 -380 -641 265 -738 26 220 530 -169 -876 889 453 260 -275 259 -833 406 -638 -581 615 832 138 763 376 684 -370 602 -1000 -647 865 -891 -210 -253 468 32 -589 629 779 313 755 707 426 82 -9 432 -692 -527 657 -258 -647 -975 15 -48 553 824 301 368 -517 -367 800 -97 -344 -859 -140 368 -103 -274 436 876 -921 424 307 -288 -2 -920 640 -852 -251 -289 170 -330 981 -859 -881 -833 622 675 -41 -227 -386 -544 -438 635 -555 -644 727 98 -586 853 970 -724 57 54 -416 -452 603 772 190 -790 811 455 -705 -270 417 262 -943 912 -625 251 -151 371 -359 219 -422 -236 165 -310 529 -702 -149 375 41 60 601 827 -537 -111 -875 -952 -369 -241 690 -600 -519 559 -323 601 -651 -848 995 396 794 -367 -834 -370 103 -441 -689 -291 -963 501 -548 -507 439 -931 82 -988 -412 295 187 -184 -832 -58 -299 553 -800 -180 688 833 -217 -207 465 944 -313 488 -150 -858 178 -779 -470 -372 120 -39 581 487 -849 -143 -593 -685 -959 -539 0 -674 -775 -826 66 621 -671 867 76 213 -423 -613 534 -221 670 866 964 734 -52 -845 821 -672 764 -419 -313 780 394 962 860 -678 -824 539 -592 407 313 262 521 456 752 -431 -917 708 916 478 441 -625 -285
