10
5
9 3 7 1 4
5
3 7 1 4 9
4
2 8 8 1
1
5
4
7 7 7 7
5
3 7 1 9 4
4
-5 -1 -3 -2
7
1 2 3 100 3 2 1
6
9 1 2 3 4 9
1000
-614 714 331 -284 -257 -292 -222 620 450 827 -710 310 -847 -417 -237 525 -985 621 664 -791 622 -154 224 -314 480 898 -770 849 464 908 456 560 784 -769 458 -410 961 811 -842 -192 870 -529 -925 92 274 -319 30 700 -563 -623 825 -17 -457 -77 238 -608 691 -941 832 426 3 -897 721 298 906 -955 -278 925 0 -226 -739 657 -562 -835 -539 -520 256 -411 -177 710 -297 -642 -650 395 -695 -289 117 285 -965 -822 -336 -577 -76 -425 393 567 -84 266 -413 -784 256 -689 -31 -860 -344 -490 418 -193 897 -986 515 106 383 451 506 626 -112 -257 902 -672 895 -212 -845 -393 819 -788 166 652 589 166 -357 154 130 733 774 -647 -636 789 -356 332 661 127 -89 977 958 -183 -780 940 965 -826 359 -224 -114 747 268 534 -824 -771 581 -564 -758 -496 715 -31 87 33 801 900 -878 133 853 -119 -588 902 567 64 -932 321 841 695 252 157 -737 -897 -573 481 823 -444 52 733 349 619 -781 -686 -387 -796 695 -757 -256 420 967 545 989 118 -800 -945 147 277 94 148 6 671 982 -953 348 -155 -276 -87 -555 875 73 1000 218 -793 491 -798 659 -87 846 -692 954 219 -719 654 -660 -858 836 615 -116 -889 425 502 -791 222 519 -935 -212 -815 -436 -133 684 661 622 381 810 800 959 355 580 492 -437 -836 -421 512 -123 -645 -337 846 789 573 -91 315 -951 -733 79 -495 -581 680 -939 -180 435 16 -954 -716 515 744 -452 -617 -983 723 -524 -752 -827 623 -633 521 773 995 -171 667 310 -339 756 994 953 -21 -331 604 501 170 278 -153 -956 314 -154 479 -856 287 -146 -827 434 845 878 512 -55 -813 824 -687 -19 148 -15 47 32 -342 -460 602 148 962 -979 672 960 248 -655 161 670 -536 944 -732 -608 -306 544 952 927 -895 -699 -362 -860 883 -733 -949 -187 -669 -205 281 596 691 501 -251 -630 258 47 439 653 -804 -607 626 -627 -947 -351 508 -287 87 -850 642 446 421 618 -240 500 256 986 -83 838 282 146 612 -483 906 171 -364 -967 -315 -382 928 167 -432 -546 -872 869 -724 -514 534 -36 -324 -482 904 99 677 -428 -75 498 -457 529 -402 686 636 -375 948 -102 353 -397 817 -763 -287 110 111 685 101 496 498 -57 764 -218 269 471 -424 825 159 -552 -643 -530 -587 677 -692 -458 46 189 376 -76 3 -532 446 -305 733 229 -272 869 -369 -919 -96 -728 911 -879 -529 820 902 288 979 -339 -231 -530 761 172 879 937 -405 -458 494 426 501 -201 601 424 -889 892 676 -908 -917 -276 -664 -133 -772 291 -434 206 -281 977 -931 454 46 538 -562 -121 -77 745 275 300 -540 -368 649 79 -536 40 394 -41 656 324 -561 -374 -988 -269 -579 512 -858 312 -407 -286 643 255 746 -143 -393 -761 -285 670 -812 807 -125 -433 146 129 33 -633 290 -689 -866 -482 -846 917 784 590 -160 416 -351 -151 -619 -887 312 910 -112 -937 -602 779 -464 -192 831 -736 62 787 -663 -750 -708 126 235 -212 930 454 -484 -50 955 -525 -975 -959 -775 25 892 -679 -331 -542 -150 350 -173 231 -158 -350 410 527 -721 846 -308 -8 -853 954 719 -865 -596 -404 4 647 -221 -457 732 672 8 726 921 640 -75 900 -964 -271 -5 798 -12 -994 646 472 362 607 -794 604 -905 978 905 216 293 493 -371 339 579 796 -214 46 243 -337 -346 -86 555 758 936 166 922 666 955 713 -73 -503 287 44 -656 604 346 193 -169 453 -30 154 -704 274 493 -773 147 546 -586 -635 217 -923 -432 262 -473 -604 -988 -648 729 510 839 966 -676 76 73 968 464 124 502 844 434 -316 185 757 773 795 -47 242 21 197 303 939 -79 -149 -55 -879 -539 786 -953 -470 -728 -360 846 373 614 928 290 756 652 -353 -774 534 -438 -392 479 -547 926 959 238 247 575 -957 -479 -880 710 756 526 -929 330 -663 -363 -515 -293 -558 200 698 -716 803 562 935 -318 -693 -175 664 146 157 -664 22 133 787 -658 932 480 426 -514 73 644 -534 288 -986 -303 -939 427 -847 -605 3 -898 -561 -933 124 332 491 680 155 -125 -23 -708 884 -339 -896 -146 130 884 -627 327 -864 -175 -326 418 809 957 -784 -876 987 654 -67 193 -621 267 211 843 -321 -733 26 666 -382 103 -346 -160 -205 509 -53 491 944 -167 124 -610 -281 905 -570 -64 623 -864 436 -725 78 -890 -439 497 556 -351 -415 -653 554 -996 500 -835 -484 358 -593 879 882 583 -829 -223 938 -888 -246 194 -827 -453 158 -634 -610 -9 484 107 -266 -355 -112 -132 105 -611 241 751 -712 618 393 -611 946 145 -797 330 42 -599 -207 -367 -145 314 -542 -650 -346 3 845 23 -631 -382 -96 -226 -732 -990 222 269 -892 424 222 506 127 331 280 59 587 868 -749 667 -143 902 -536 346 328 684 646 341 431 14 577 -753 -637 -161 907 -360 -230 591 8 -702 -623 -190 748 -774 961 683 -663 949 -827 470 -564 -667 151 932 752 -136 -83 -172 -619 492 -771 16 767 799 325 945 -849 618 418 536 982 -466 -238 -358 -863 -266 967 74 -418 794 -68 -645 -469 -252 196 239 34 -920 -664 255
