10
4
4 3 2 1
5
4 4 2 2 1
1
50
5
7 7 7 7 7
6
1 2 2 3 3 3
6
0 0 100 100 0 50
4
5 5 0 0
7
100 100 100 1 2 3 4
6
10 10 20 20 5 6
1000
90 61 2 71 67 60 7 33 8 24 63 46 55 57 94 83 36 88 28 95 59 35 91 61 82 17 23 35 46 62 44 9 36 44 42 22 17 55 10 4 11 94 41 12 92 23 95 47 56 88 70 39 77 32 63 57 54 30 19 18 62 26 19 31 24 41 72 70 27 16 40 34 16 75 98 80 45 70 57 68 49 27 83 53 30 80 67 47 49 96 85 49 84 91 17 20 75 4 93 44 68 67 8 91 12 98 68 91 91 61 63 66 93 28 70 1 27 12 95 53 14 47 28 37 27 100 16 81 2 8 69 94 39 85 35 13 42 59 0 54 65 68 25 13 38 34 5 37 0 62 27 36 85 21 4 77 41 0 67 20 84 85 67 43 90 41 15 97 4 34 68 97 4 15 24 73 71 47 78 67 53 98 6 44 40 25 100 85 59 30 76 97 40 68 45 49 78 0 53 42 51 7 65 37 19 67 60 52 32 87 14 100 35 97 99 84 25 43 93 33 67 5 38 20 46 19 10 68 80 58 56 56 72 24 18 57 15 3 80 76 90 11 75 76 69 76 57 59 84 11 11 75 45 51 26 27 15 28 2 82 32 78 75 99 53 1 6 43 35 92 63 4 6 93 8 11 51 34 68 44 58 21 58 74 98 79 37 98 28 100 64 24 65 83 72 0 17 81 22 72 45 60 68 82 6 4 29 14 74 93 42 35 39 51 79 2 6 2 12 62 77 2 42 44 49 74 12 78 10 97 77 87 93 62 55 57 85 20 59 18 22 54 64 96 62 45 70 44 100 64 62 5 86 15 13 94 84 31 67 63 22 54 95 28 39 18 76 4 87 10 65 77 79 52 44 88 58 25 12 44 67 24 30 51 1 84 58 19 10 57 17 79 30 71 62 66 39 26 0 79 64 5 75 89 15 87 92 78 19 56 42 86 8 4 28 29 22 42 39 83 66 34 73 21 12 31 58 8 29 65 70 45 31 25 91 97 78 89 93 19 51 57 20 85 41 37 34 64 22 45 10 48 66 71 90 86 100 64 8 56 56 100 38 4 29 87 44 8 95 26 48 34 58 76 55 34 80 89 96 84 29 82 69 62 89 99 45 76 56 53 35 25 11 28 53 8 66 20 49 69 92 28 89 88 84 1 72 30 1 0 47 13 62 77 24 72 52 93 93 92 65 24 61 8 96 98 6 33 46 82 28 20 8 100 30 41 35 71 41 53 63 50 88 77 8 90 7 63 67 67 41 69 31 14 96 4 73 38 31 52 23 8 86 89 93 38 25 62 74 28 96 56 11 61 38 4 48 4 42 69 33 6 92 88 21 16 50 28 70 96 16 18 21 95 1 10 62 95 55 95 31 65 41 53 71 27 26 56 53 51 54 67 18 73 92 31 60 66 71 58 13 33 17 42 35 57 83 45 70 64 9 90 35 17 32 62 80 84 67 14 53 11 49 38 10 87 96 81 15 29 76 2 60 10 26 19 53 0 53 75 48 91 26 0 75 61 74 91 53 54 26 8 31 82 97 59 96 32 75 72 58 36 76 69 52 10 11 4 47 8 69 94 67 65 74 74 18 7 20 86 98 92 3 18 50 74 72 64 6 64 79 13 87 46 86 27 40 34 41 44 56 38 85 50 25 73 100 71 70 24 84 44 27 30 25 99 75 74 14 99 87 57 0 41 82 69 31 5 74 67 90 9 56 48 79 26 84 66 54 60 85 80 11 84 92 82 1 49 62 45 37 12 37 17 16 87 81 15 4 47 92 42 75 71 28 8 27 79 77 54 78 74 40 96 57 30 63 62 81 20 89 13 35 43 60 90 59 90 85 100 19 23 61 96 79 24 56 62 88 68 91 79 12 48 4 14 6 45 72 99 30 21 50 2 98 72 49 8 28 91 9 78 62 28 70 36 12 95 19 71 12 76 78 39 15 22 98 47 76 38 80 98 8 42 36 56 92 17 85 12 61 79 16 83 97 80 77 75 53 11 11 77 24 58 38 6 1 28 41 91 42 79 18 46 38 56 92 22 85 29 58 100 79 28 35 81 23 86 29 82 61 10 34 19 98 46 67 46 87 95 78 67 87 12 66 22 24 77 34 81 19 50 38 78 89 6 63 72 46 67 95 46 16 22 28 12 33 76 13 18 47 94 19 72 89 75 45 67 14 10 86 19 18 50 79 82 54 92 12 40 15 96 67 81 15 16 100 6 8 32 84 2 68 99 63 47 96 78 62 45 63 13 37 14 9 80 11 27 96 38
