100
11
17 12 15 13 13 12 27 30
12
12 13 19 12 8 12 28 31
15
7 15 23 16 14 10 39 35
14
14 19 15 15 10 22 35 34
12
17 11 23 18 13 24 22 35
14
15 22 18 21 17 18 36 41
15
9 9 18 18 9 17 31 37
15
11 9 21 15 14 11 40 26
14
15 14 21 17 8 18 29 35
14
16 9 16 20 8 16 30 25
14
18 14 25 16 8 19 24 35
12
15 12 20 15 10 11 21 27
15
9 15 28 22 12 19 41 33
11
12 18 17 11 11 14 28 27
14
10 17 29 14 10 24 33 30
12
17 10 14 14 8 21 21 24
15
12 15 23 28 18 23 30 39
14
16 22 29 24 17 21 36 25
15
8 9 28 25 13 21 34 33
14
10 10 15 23 16 17 39 36
14
12 22 29 16 10 12 38 25
14
11 13 28 18 16 10 39 32
13
7 10 22 17 11 24 28 23
15
11 20 17 21 18 14 38 39
15
14 19 19 19 10 15 32 28
15
16 11 24 26 17 13 29 27
13
14 14 13 23 12 24 26 34
13
15 13 21 20 17 21 30 33
15
11 11 30 23 15 15 29 41
15
14 22 17 24 13 13 39 26
14
14 19 14 14 15 20 40 41
14
15 10 30 24 9 10 30 27
15
8 16 22 28 9 15 37 45
14
13 13 24 21 17 22 31 39
14
17 20 30 14 11 18 31 30
14
10 20 23 24 14 24 35 37
15
17 12 23 28 12 16 29 42
15
14 17 23 27 15 12 35 27
15
8 19 18 19 15 15 44 27
15
17 20 28 17 13 16 40 43
14
11 17 23 26 8 19 35 24
15
8 11 25 16 17 22 31 34
15
9 15 18 28 14 10 45 39
15
12 10 26 17 13 17 43 26
15
18 19 22 23 16 19 39 45
12
17 22 24 19 8 14 28 35
14
13 11 30 18 17 24 26 33
14
12 9 22 27 12 19 33 26
14
14 22 19 28 18 16 39 26
15
13 15 20 21 18 13 27 44
14
7 10 30 21 16 20 27 30
12
16 12 24 26 18 23 26 31
11
8 22 25 17 10 12 29 24
10
13 20 21 23 15 11 18 22
15
16 14 31 28 10 14 39 36
15
9 14 26 24 12 16 41 44
10
15 19 12 14 10 11 27 19
15
10 16 26 21 17 10 35 33
15
13 14 23 22 13 21 36 26
13
16 16 18 15 16 10 32 38
15
7 14 20 27 8 19 31 28
12
15 20 12 24 15 17 23 29
14
11 16 22 14 18 17 30 33
14
17 21 26 27 14 21 38 37
14
10 14 23 20 18 18 40 27
14
12 18 25 18 9 17 40 25
14
17 21 28 18 10 16 33 26
14
7 13 16 28 13 23 36 39
15
7 17 31 16 9 24 34 42
14
13 14 15 14 16 22 30 27
11
9 9 11 21 11 17 23 19
14
15 19 25 19 9 10 42 40
12
10 9 19 18 15 18 33 30
12
10 22 22 26 18 12 22 34
14
7 16 16 24 14 20 35 39
12
18 9 13 12 9 14 30 35
12
17 17 19 23 12 16 23 22
15
13 18 27 29 13 22 35 44
13
15 14 21 15 9 17 35 39
14
12 22 26 24 8 18 29 40
10
16 10 22 15 16 23 25 25
15
9 14 17 26 8 24 30 45
15
18 22 22 28 17 24 28 38
12
12 11 25 22 11 21 28 29
14
9 10 21 26 11 10 42 30
13
7 17 25 20 13 13 36 37
10
7 10 22 12 11 15 23 21
13
18 10 20 19 9 18 23 34
10
11 10 21 14 15 16 28 27
10
13 17 22 10 17 17 20 18
15
16 21 24 24 12 23 29 28
15
13 11 21 28 13 16 27 40
13
7 17 15 24 15 12 34 25
12
13 15 20 18 12 16 35 33
14
15 11 21 25 16 22 40 39
10
7 22 17 12 15 13 18 20
14
13 16 23 14 14 17 29 41
13
13 16 18 26 16 15 31 33
14
11 11 14 20 14 23 26 28
14
14 9 22 17 14 19 30 27
