10
4
5 5 5 5
1
7
5
3 7 1 9 4
4
-10 -3 -7 -1
5
-5 0 5 -10 10
2
100 1
3
0 0 0
3
1000000 -1000000 0
6
1 2 3 4 5 6
1000
-496 269 190 569 991 489 347 -130 -12 563 -368 959 -718 -131 114 544 -747 -488 -395 217 -929 451 350 857 895 -426 731 -359 -611 -617 857 207 -604 888 -687 504 94 -715 -500 -238 -768 -844 957 -671 -871 9 -616 -686 -62 -446 -819 -503 -441 -135 -111 752 684 -518 -854 255 -368 -181 882 -403 650 -389 888 595 -906 725 -199 499 820 491 924 -389 -662 -522 -551 160 -807 247 607 -103 855 -572 633 280 998 677 380 -554 397 -400 636 -17 17 606 634 120 792 830 49 -97 -298 -986 -220 847 254 898 159 -926 13 834 -203 666 511 -766 402 29 918 -306 970 -486 -973 -527 -180 940 521 447 97 821 265 -418 -474 -222 -211 295 763 947 372 -244 799 389 880 164 885 47 771 -508 875 838 -169 904 -105 -153 -720 -165 442 -87 625 570 -159 162 375 730 -122 523 -833 -404 -731 -691 -864 316 -694 -1000 805 -184 -496 -376 -333 944 893 -685 17 -811 -943 840 418 887 877 48 177 103 860 -309 -509 -188 842 -423 -317 -792 -728 1000 -685 776 -94 767 161 -697 -155 304 -580 -876 855 464 -749 -857 -391 247 365 -675 336 -70 868 467 -129 475 883 -975 601 314 -637 -613 760 930 797 -271 -480 -336 370 752 -376 -975 -946 895 -61 914 -723 -655 671 -694 434 -625 -508 37 -174 299 -867 296 -269 -743 231 513 700 -879 987 53 273 368 -91 357 793 -86 194 -331 661 -250 -272 -688 821 -563 -602 -588 -191 -215 -533 -881 -230 -113 263 -797 914 -880 -920 -763 192 -36 -553 321 680 615 520 -439 983 957 976 -565 327 -794 -469 -882 471 507 -67 -431 -456 562 -779 499 830 -34 -108 132 -713 -602 -549 -229 -723 -312 -886 -918 531 -237 -41 -684 -384 -356 -331 -163 -439 610 45 -227 161 -117 -856 -595 -147 -51 800 -18 461 -166 50 650 -183 433 -339 238 -698 -545 -380 -391 -759 696 -929 -853 -754 100 -985 961 747 -911 910 -277 486 -766 -32 -284 435 244 -968 -508 -180 -88 -460 -639 -149 53 -911 -694 -188 -346 -148 -154 539 -437 -792 3 146 596 -914 -111 -120 737 46 -655 -572 455 -187 696 404 949 -739 412 811 -358 534 414 -97 289 -55 -183 229 -28 -906 -819 -983 943 -626 502 880 -668 -959 -654 -475 -410 568 -319 804 551 -148 457 38 110 858 475 -411 -208 -785 579 -435 274 482 -38 -329 -268 178 -172 -849 -58 693 362 968 -468 843 -435 -682 873 970 12 818 952 -539 -317 -142 -737 -675 -980 -246 825 569 458 -810 62 349 975 625 -558 -890 -287 -670 705 601 276 674 -629 -413 -392 813 -778 318 673 -974 -284 498 699 -634 -299 -311 -44 675 422 -970 253 701 -290 -271 -924 240 361 -401 -173 180 -798 -538 -680 200 69 -96 -726 256 -534 -998 -219 501 -461 -540 -906 682 -705 -26 133 369 -442 -113 -343 -744 -209 239 473 414 991 -713 375 263 -150 -303 -191 -306 618 10 711 914 592 802 -566 -219 -471 219 -209 137 -920 502 -601 -368 -248 614 -685 -533 -526 133 -377 420 -443 -330 890 736 410 -958 272 -896 -903 -619 -609 596 260 -544 -432 520 457 -373 602 641 -94 -5 43 -599 -965 868 -68 523 874 395 -90 302 192 -819 -446 132 714 -695 -212 -268 149 905 204 -969 913 -106 -91 639 -158 -982 895 694 -739 -700 -894 718 -357 793 -922 -553 888 -518 13 170 708 -8 -889 -167 -67 -540 642 140 -989 -6 580 732 952 240 730 938 -702 -684 6 -28 33 -779 -13 468 713 -548 -357 -943 -612 471 917 -200 145 286 360 533 113 -775 246 981 -760 -128 -769 -874 -703 -5 -79 -734 -873 -205 752 470 -709 -188 721 -524 403 -156 -630 -381 -437 -901 297 307 27 -238 -297 -510 -224 -609 -328 630 472 -711 948 -870 -877 365 -994 522 -104 -608 -935 33 -997 -998 123 -192 -14 -937 -564 188 -724 -156 -251 113 56 857 -163 -148 -812 -530 -741 -866 332 113 -581 269 389 590 875 -127 913 -203 -263 155 596 492 -207 -389 -974 -411 264 754 404 -652 641 -633 -878 -87 245 84 -824 -401 -499 657 -328 -664 -48 4 393 -711 -593 -75 -921 603 624 647 536 37 -729 729 -810 -208 -807 -174 57 -650 -722 -924 621 444 -472 -37 282 315 574 61 -501 -978 -963 906 -795 911 -208 923 734 -246 52 636 -299 41 49 -897 338 598 -504 -674 724 -564 775 -794 180 -800 -622 -594 662 525 -540 -43 205 378 459 296 -429 140 -793 373 -177 609 -799 -773 889 152 607 -766 110 -448 -501 160 -292 543 792 826 736 184 805 -632 -743 686 -327 653 436 352 640 -476 -667 510 359 -609 863 29 -476 849 413 -812 -132 417 -714 878 -995 525 -43 989 69 246 -732 4 15 508 -99 -878 -762 423 -13 917 -209 371 267 -678 784 -251 571 620 389 -671 -327 791 888 743 -787 -274 -371 1 -845 -977 -231 204 -19 337 986 510 4 -435 -714 -294 -311 -139 -766 844 643 -66 558 -485 -209 576 319 -986 923 750 -323 307 747 221 -431 275 480 194 -233 191 61 649 929 -876 847 -914 401 -656 -885 298 -304 370 -846 873 -894 114 988 501 -722 892 702 -882 433 -17 478 92 -262 475 -387 -294 573
