10
1
5
0 0
3
1 2 3
4 5 6
7 8 9
1 1
3
1 2 3
4 9 5
6 7 8
1 1
3
1 2 3
4 5 6
7 8 9
0 0
3
5 6 7
8 1 9
10 11 12
1 1
3
5 5 5
5 5 5
5 5 5
1 1
3
5 6 5
6 5 6
5 6 5
1 1
3
1 2 3
4 5 6
7 8 9
2 2
3
1 2 3
4 5 6
7 8 9
0 1
20
24 50 38 15 26 30 45 17 40 34 44 4 34 26 32 20 47 2 7 32
5 9 28 40 0 33 27 37 50 42 14 17 18 23 23 32 6 26 35 49
29 17 43 8 12 16 26 30 14 11 28 14 5 31 21 21 15 10 19 8
12 50 17 11 0 38 17 47 9 0 29 25 12 13 31 32 28 20 40 46
32 32 23 2 19 25 27 33 2 20 27 5 5 5 31 33 10 11 34 7
2 1 8 50 8 45 9 41 7 38 43 35 44 18 3 33 5 15 32 37
4 0 2 46 12 46 0 42 3 20 8 35 7 5 21 0 42 6 0 31
4 21 12 29 29 25 34 46 17 40 28 15 17 10 33 14 40 39 31 40
35 47 31 18 13 15 25 33 12 29 11 50 7 2 11 8 1 25 8 34
47 27 3 18 45 16 45 15 10 25 30 12 38 49 13 39 24 8 3 4
11 4 8 26 5 6 6 43 49 21 48 14 25 32 37 14 15 27 43 48
12 40 32 43 40 49 35 9 25 22 26 44 10 39 10 8 20 11 48 36
17 40 15 37 26 39 47 16 48 45 35 16 0 29 20 35 33 23 44 39
16 16 20 24 3 48 28 10 34 15 24 17 16 31 34 1 24 36 2 6
21 24 8 14 1 23 6 30 24 43 1 2 40 37 10 46 37 45 24 10
28 13 5 30 29 42 41 12 46 6 9 8 25 21 28 31 20 7 16 3
30 37 37 29 33 37 4 33 5 41 2 22 44 32 2 2 18 1 2 12
32 20 6 48 25 14 19 26 17 37 21 27 32 37 37 28 49 44 25 20
14 11 32 45 7 13 0 0 11 24 30 2 47 13 36 4 9 45 49 42
3 13 28 3 9 26 25 13 24 0 24 30 44 3 40 10 8 8 37 9
9 12
